50 50 100
42 48 73
33 6 467
2 15 176
27 16 434
30 35 532
12 26 205
14 6 815
17 15 103
26 17 36
6 4 985
22 17 997
7 34 376
49 50 206
35 38 957
49 3 10
43 9 687
5 39 915
8 26 135
49 31 723
7 30 82
27 7 125
7 4 880
49 41 211
42 11 443
1 38 862
12 20 979
42 28 223
28 21 12
37 42 413
33 37 595
27 14 736
28 34 551
20 22 389
44 4 881
20 16 308
6 42 113
48 39 793
6 19 669
48 5 837
6 6 707
29 5 231
16 27 92
9 39 819
22 28 75
24 26 216
8 40 770
21 11 303
5 7 687
40 10 980
17 6 669
25 8 746
27 1 404
27 34 708
15 29 520
28 48 81
44 32 364
2 4 68
2 47 635
32 49 642
18 7 903
2 36 667
25 22 256
7 46 946
4 47 931
20 40 986
16 5 638
39 31 71
10 22 238
10 47 618
14 17 743
2 20 337
40 39 305
7 33 329
1 6 518
35 10 616
34 28 205
23 5 503
28 10 926
23 1 733
20 5 774
45 35 321
27 48 747
40 50 440
41 1 696
37 2 537
5 23 73
9 31 448
38 16 19
35 23 542
41 21 841
10 24 402
34 15 477
31 44 198
26 19 729
46 43 784
45 24 895
28 36 323
41 8 101
35 4 571
10 42 702
