1000000 100000 1000
266539 15240 54769
64663 33080 58455
13350 28668 54610
745110 2620 72784
218213 15204 28531
826607 37406 16169
120932 37494 45108
722697 98069 4280
445983 39762 48310
571807 93652 55023
529439 36249 98013
251132 28632 38188
45993 55956 85618
476704 641 64401
708377 22934 77915
45997 17709 66653
756517 13522 42498
501146 45283 79144
656198 70918 20790
777272 82115 52911
401237 92534 56926
547948 78743 2465
384280 23198 25046
537334 1410 80366
38296 70276 1205
293253 86907 84034
242764 8732 56383
466952 90052 21367
867365 48509 54996
192594 32838 68424
536584 90 86974
206033 19476 15788
425326 75248 40653
898961 60928 52933
682971 60942 7136
104779 11319 16170
151577 83026 58456
834179 88092 84615
801472 19371 76508
593997 43904 32317
318547 83475 37806
276940 21758 91361
314808 2575 16354
536869 39725 32343
300113 76780 93293
103585 76605 90811
168026 42320 26244
20557 27404 35884
63935 70051 34564
636210 69301 83764
350793 37038 72105
7412 69111 24301
603962 25308 60858
489731 6994 58001
850905 44408 8189
540937 3391 30524
538578 986 96086
799298 96425 64742
590962 30763 52956
875835 84682 48105
260060 78651 39361
394577 23013 96060
168464 8305 84748
211475 74239 41982
291445 10685 40398
685372 50381 18660
117783 18058 32620
26653 5053 65013
394063 26455 62326
168158 40379 54657
999166 47678 3360
369213 48055 2367
500970 69760 19371
273275 108 52711
469235 11443 18729
581557 13811 43783
239861 27983 5435
2849 11533 99142
155763 83406 36466
137123 53735 15071
90661 97407 85652
344885 59267 58905
590781 97831 73165
166437 89978 92783
932141 84388 60492
916656 26336 52561
742308 92929 56003
942907 92415 88077
312816 92109 61516
74194 79800 98886
236163 57568 18265
236874 73166 315
991298 28658 6705
110681 71240 94061
392138 58734 15998
142916 64770 79853
638698 68453 15204
107130 55003 99179
602830 91156 96478
635771 8542 9969
75947 84192 28322
139662 93416 90317
492677 19992 63172
654027 83617 40435
970122 10177 79629
111054 81029 74637
79146 33275 7479
181757 1206 89448
207478 84619 22705
967293 54345 11483
307116 93411 13805
661260 68053 92116
499318 36426 24102
27239 19990 96763
411243 50090 85416
927561 80261 17184
574142 51228 35174
170305 82851 15058
473569 61657 28010
907830 26923 97025
882149 40114 52247
265468 89875 67411
490699 5204 22585
105482 68196 46791
383641 42087 37191
781151 19795 19872
642277 25605 11075
274665 27754 45428
122976 68037 55222
896346 21126 13098
274500 46597 34162
223965 34861 20877
147582 48621 69761
443550 78107 65403
938029 98190 62286
261720 5039 51726
162973 33895 45330
633200 46204 35827
71790 54716 55951
27274 9626 95736
209269 63851 86346
649003 61322 37647
26287 58329 96883
182753 5998 55021
74615 13580 53703
588665 48027 41343
247513 40543 19505
735324 98051 69760
391504 69365 48161
713208 72716 6602
496894 13040 69761
746783 79471 22263
601111 80744 27032
717969 9775 29701
314473 82852 42470
881038 83812 76410
548370 8179 96265
783444 90337 57270
9419 70029 43014
830362 70081 6146
905723 81055 59436
316547 45622 31539
526238 31069 64582
78447 72484 57893
229506 55026 88810
53275 75265 88677
736689 1320 31053
647203 43821 11107
991255 30742 52482
5995 44883 18373
674555 17051 51090
860244 29497 20322
570440 99953 39456
143150 79102 19570
105732 68636 55033
661062 3798 32330
148571 90348 57221
834989 52984 12225
614103 47902 83505
43838 35656 46275
498574 37730 93532
586746 17263 57837
848374 13007 56859
679914 93402 27762
225577 37258 93334
250484 43585 56100
936488 19398 6887
857431 59773 20701
811222 39530 99601
304419 35638 39739
70264 32043 64427
386710 49208 42209
209560 90002 67024
153486 14198 74413
833334 84005 19878
172182 26581 21478
833317 87015 39883
62167 40874 75586
203319 14272 34214
977281 69696 82841
745752 50710 92050
170281 38022 95104
140822 69365 79378
921931 94286 75061
794526 30667 58803
55138 23317 46513
182307 82174 3113
324071 6650 25744
541284 62695 64385
977949 53045 76335
161157 14178 88419
572081 38921 17552
139607 55919 41784
604451 31822 63168
326328 92782 14545
26472 87347 23376
937631 13583 88440
195303 95859 68134
911120 63580 4646
928757 90179 58663
903983 27126 1447
261883 95766 74385
931394 84380 64178
280278 16739 73223
26910 2891 20034
147182 7917 41641
246543 20569 647
350157 91572 49994
447114 94366 69886
360472 33592 78140
19221 11147 76409
214492 95616 26057
8880 83427 12189
197681 85684 36841
656672 70872 97379
868777 30554 79060
48492 99033 38052
735586 3739 72312
218132 27222 67616
456411 92421 70600
116251 27976 1966
191386 32898 70789
676169 9878 77821
93736 7152 87825
165064 43214 18215
172715 95333 16994
55595 41507 15594
416763 26738 64806
930725 55816 93547
33911 29092 86272
339934 16674 27449
710482 78372 26897
246676 29510 6197
394061 36025 8052
37568 57688 73493
897480 11375 31752
259050 27740 63358
100609 31380 6685
659020 78911 48977
124145 97481 11003
697555 32195 90327
461983 39587 32779
46089 19164 72254
591992 14309 40365
241370 68892 89451
786364 68076 53880
349204 68588 76798
171962 7927 96012
46080 65669 5534
220037 77534 40692
194386 57285 9202
283589 31246 3720
210380 69712 34670
384734 90517 90229
557272 57272 88877
668691 82411 69250
613594 43086 69789
135674 91624 37760
540480 34760 99597
322755 38254 15829
16374 62669 89285
722543 11278 10187
265217 44220 47699
147983 19314 36864
687219 12325 7971
753014 71717 83703
124366 46124 75452
297121 30221 68155
999892 4169 76798
868729 6563 39152
382998 48782 40788
763788 72798 62717
42886 8328 12062
35751 93638 63137
733800 16249 94356
862897 9806 28695
991455 51094 66542
487332 73652 751
968491 20360 7236
767547 52000 61242
88857 82938 23051
67306 13797 99279
34381 48186 19980
170259 34064 56937
154365 12265 64807
213988 13876 32359
192858 28956 25250
493802 6305 87593
50922 75484 51394
154846 10499 77534
743925 87068 14145
372284 11273 95992
59969 22658 47687
886170 25004 87657
138067 22342 97855
31124 10735 22725
25420 15069 70287
135606 19772 13959
19119 44433 3259
979033 63206 807
349623 62379 39187
140908 33863 22157
365636 47000 60770
229692 79700 54286
89148 59530 65575
318823 19174 54609
17698 24119 50629
769813 42068 12942
927367 96866 65946
250242 36199 64954
181427 88451 39403
896755 99 35451
59162 59078 51488
35091 3343 86739
840755 83545 91309
633508 19786 24013
433322 45800 57173
874922 58302 97721
128042 77366 35096
879572 75152 80950
103874 12326 17215
307586 12505 81846
491585 51110 21604
943201 70319 62012
994551 4356 57258
210040 43021 2614
383795 28878 31284
961917 15337 20483
66101 99943 29234
116885 17345 69803
621094 24952 44040
817973 65291 23264
454083 82684 64741
166783 53626 87661
90517 94100 97262
817069 42847 1446
675387 70675 78713
875032 67629 60454
904494 22372 69437
300637 56822 98397
991174 23653 29721
654432 81730 54240
259271 91609 65961
718808 11238 31616
786326 27569 85342
336660 31792 22686
474261 89835 75791
421649 14017 42026
269848 73650 96659
117543 51543 57594
383549 74965 31590
945676 19008 56338
902053 67663 35101
144499 30596 78005
316711 81564 31335
125621 40066 74012
776368 94004 31093
622541 46192 5231
256197 27079 40925
198257 51470 62888
20902 81052 11650
119750 57587 52213
72653 1008 77820
831874 12302 87240
885123 44468 20253
662517 18092 44950
109155 82900 2537
751574 98316 62471
143207 56588 60531
143181 21329 51970
679844 80679 87841
592259 46072 28602
394473 16310 96149
783782 11372 62565
861135 67145 5026
734634 25970 76253
8275 30629 84324
192862 75483 33798
754982 71687 18587
254294 48090 60277
375172 51129 21219
778980 98161 39517
835127 53667 37793
984482 16249 28806
654174 88236 60236
693823 33467 77500
178977 29806 76501
152962 18930 31155
161445 55125 99532
862046 3095 66803
970395 44564 65021
421594 76520 27826
381622 51147 96655
24177 60708 66037
439899 52135 75337
772253 17229 70141
18210 64580 95756
873862 27303 27536
37990 87124 67293
62311 78514 63976
731135 96359 26006
892675 96852 77293
37157 73059 24379
197928 34371 51826
756841 73212 67875
673065 63562 35676
83001 41352 92640
108683 23817 42068
772026 50736 70383
8241 36649 24334
441498 4069 76347
260653 91868 7249
850189 37068 40454
694371 24005 2558
164980 69146 64043
859600 90977 46782
487782 28777 57386
727249 10840 84753
194570 91529 20404
188872 32820 65121
690828 51263 20951
645066 50500 90742
935469 30218 36651
975808 13197 13089
844191 48272 75927
338522 34629 3385
88917 46510 57269
47674 25861 20859
381962 62612 90557
6483 40515 9213
445857 44327 17052
984968 21451 99705
294886 32821 10701
716861 54785 85275
793260 42359 77403
91979 56233 84174
385 7651 49502
947873 41568 10921
172540 80251 38179
756600 76708 53866
983299 91127 58774
173168 66996 43194
28871 20689 80626
820045 37631 23726
203026 81583 37416
360841 81628 12014
660749 72807 24126
460564 9703 34423
967459 80717 65553
37089 50766 38732
460867 91543 36924
2516 47907 79532
630522 75851 96030
487066 21437 89651
880683 31454 91120
820972 59689 88361
14841 27372 47161
587648 14944 91048
496480 76658 27390
869979 43096 17694
535770 88671 16483
132222 25563 12130
6446 10890 52145
498608 66043 53522
338110 54344 15288
108370 58493 33864
84019 70091 47585
140711 64382 77662
98817 6933 31574
912015 47755 97898
119798 47245 26454
738147 16926 75084
803672 43243 96835
60369 63362 75807
83177 16875 52413
491606 94627 10147
80063 21408 4565
827921 15372 71810
749585 54829 39044
876417 3533 33153
231760 89405 84354
361211 74879 88692
133239 24313 28092
757479 74775 44260
363953 20998 71255
193844 35038 46966
689356 39979 28336
808800 72241 65201
154553 77810 80736
127485 99000 43318
287281 99037 28068
350252 94339 21339
478474 36356 39499
253225 78822 61526
931798 71611 846
738465 39659 68973
583821 47782 6876
182114 59220 67166
84099 31965 93209
192646 69023 51213
228925 81390 80899
381203 23023 34266
820898 439 39892
120343 70804 20101
528265 15063 56547
123448 28002 39383
838628 39375 42314
230672 32717 51334
911565 26963 41263
361040 56765 14604
76791 43064 15922
703657 27694 54765
202514 25896 54135
238159 14561 15984
960729 98473 30433
24287 54809 90616
197718 15309 28242
603921 49156 60909
281302 63328 63477
675 39028 14889
134095 22766 10002
105014 5199 33024
683906 41721 23200
438954 22205 53570
785128 61554 89589
110562 73203 40916
46664 40617 44856
87994 70979 1182
262706 11121 73442
358527 67569 86073
156745 42961 49634
71497 22027 59153
645167 21558 24909
124266 85948 18422
173619 98670 76966
852924 69681 48725
297911 62478 18692
740956 40123 31824
301710 72617 40029
695728 68553 12422
898319 12838 33667
730903 38124 40563
556231 79360 18628
584911 60567 28503
762350 55494 30092
192317 1483 78305
983497 21049 84227
523915 13074 44408
221121 87695 65164
617185 5486 25637
86749 26188 8325
436409 60793 19323
9975 38395 81347
85759 24020 5574
195375 14238 483
693661 53622 31978
475851 3500 48235
556727 33713 95230
878573 84274 22120
59485 23994 27241
123082 15611 36920
392985 18918 35009
137129 5918 50380
501064 27312 79246
239340 83586 66075
311145 71355 66311
821886 96951 15882
446487 87169 76341
153496 48123 41962
233318 15628 47261
856882 24020 84173
759924 76011 87144
781271 78273 88308
71679 49733 54235
204160 22273 52249
326758 80939 59774
713663 85250 83255
582127 93081 68854
428021 42591 26112
359367 79914 65125
693893 11857 17421
812295 55325 6900
8973 80538 56773
79818 63151 43854
858342 95723 16811
46983 58124 88369
952071 47196 83241
24691 42040 27284
655905 38229 23992
160832 94047 82084
316234 14631 89002
72564 50424 41784
210917 217 76888
886825 57890 44037
704637 31152 79326
6298 11497 82720
690979 36742 83633
629947 4839 85274
206764 17268 47398
35617 39482 46117
624601 13284 45716
221600 29832 23617
16532 95987 26259
164489 72202 7459
892413 56831 74741
210529 49535 4924
220392 80333 22161
137484 58276 35670
228462 75802 87150
7943 12218 41851
732916 26440 83944
155768 90374 94638
482231 25128 83750
168606 70741 57018
627334 55467 99713
928883 85614 89921
490822 64994 56765
496436 99194 61697
465665 58227 17091
767344 96003 15771
177302 47299 261
620841 23200 35721
344667 96710 22046
168467 24843 54313
191660 62941 29497
33371 47716 40156
857658 60599 20459
821191 67461 36690
736783 58872 90928
613268 27299 24471
833165 90654 64
11991 28023 90472
881181 76237 87663
10891 66087 63142
647995 66508 15918
862909 49387 88672
540662 12907 90858
97448 57137 61733
395136 7917 3958
872712 50946 71691
8720 44453 82787
840845 94570 42636
338393 37882 6383
71860 33106 95872
894925 35145 26135
65280 25459 46297
801709 35015 81969
22583 50957 12558
25008 19558 44036
370759 84256 43451
231734 4587 37639
113574 52397 77460
456257 5630 76507
169818 32434 67022
767562 58560 86963
833949 85954 53446
595618 50237 33340
9104 33382 8049
227465 24913 20748
112777 22742 48810
239495 15592 37305
557206 91076 57504
62220 56607 35512
960955 54084 53054
203294 24228 37123
579239 53225 9294
709010 67088 68615
410410 85584 14989
847478 17950 52137
189245 77824 69389
340570 62140 83893
270780 53117 81312
490166 21226 88915
864571 31872 89644
439648 6480 55625
429537 31339 50087
599947 8709 56936
8902 22600 39715
381205 13453 22873
951488 83130 21056
222029 7107 57376
638428 35378 61223
758142 715 52069
452883 60572 80381
575762 12346 24727
795567 8579 94719
138918 79494 21593
33551 69766 42810
267428 96791 50866
98267 76406 79755
776789 78225 47756
956410 89152 12540
677439 44713 67769
318075 73951 15491
316025 56010 80709
3572 66712 41169
459394 35044 67172
100955 45469 63409
33096 6791 4311
200828 64249 33209
6426 63029 2585
408408 91634 20115
966186 44570 9861
851198 77097 39320
157377 91459 1351
623581 13222 64010
274682 24744 91090
998658 53744 1114
526344 28202 84434
593719 17775 61240
681532 98423 63041
954582 80295 57498
48480 59452 78075
186379 41926 47996
842349 43737 6634
29766 4864 73878
11086 29030 91517
37190 5716 11053
902630 29105 131
789724 17456 35755
29130 9839 13613
432155 72453 55666
204303 64257 1656
42245 20679 8087
167611 11164 68582
59825 85018 59297
124021 42917 95865
222673 60853 3403
739719 88386 90396
997773 53053 79232
753920 50258 59795
33652 40824 76977
690558 52521 66970
296078 96212 43632
785522 65301 20554
915799 17001 27847
329478 72659 76657
572111 20707 34661
629791 61951 2574
895408 39035 31290
744440 28841 90683
672218 3378 82332
88788 204 22113
246317 64958 78026
405483 22153 3487
65593 56450 54501
255383 15660 70434
124446 23224 59230
602022 16694 88809
953730 28369 18469
962125 28743 85972
69798 59476 39267
817565 31533 43715
969049 94382 37997
172167 70462 57603
69592 2167 28052
944458 54691 49179
370055 16497 35693
168708 21347 68322
115759 69709 6399
177537 56405 89602
171803 29394 81901
773172 46233 83347
541998 13938 12179
693925 49740 88804
433069 9715 83187
401616 89721 96503
608093 19525 24668
138782 84467 88453
46728 65942 25776
348175 95924 859
637389 47896 79581
804952 27229 92486
703325 9283 12292
742568 76853 4281
638945 67581 92035
188666 75511 88239
817721 74421 92082
46072 72615 54105
697677 81103 13037
21975 46406 57103
77270 49986 16350
140270 47526 49593
693381 71396 72294
708246 70090 26639
132683 55947 89759
267749 20836 10499
74301 87815 30208
51063 61371 46527
739743 67548 44683
96187 11012 27864
739819 48562 47426
121275 50271 4754
900888 84746 87868
604470 19242 97437
332600 26847 41601
758156 96393 66320
132680 5076 20194
53231 32134 57317
332375 16451 30450
878777 51153 44728
36335 52478 40613
620390 57193 1949
520614 47718 19614
456268 99996 59347
653730 4401 756
92502 56727 12141
822679 30520 97830
383436 64326 37446
973339 67132 15918
94126 98705 10242
709121 21630 8485
252157 20436 5579
319386 50605 5388
748793 66475 34233
4763 84888 62630
462760 21381 11869
172651 34793 78049
598347 45893 44456
455207 23782 12025
498383 55647 8038
458731 9104 59363
12025 5895 54283
651178 95150 26550
94617 95649 66826
676308 55776 46193
529410 99678 92374
826243 81112 2313
40212 99728 53300
730840 7573 40601
145645 26093 90969
84801 58853 84847
378048 85737 86469
948784 11851 7031
173968 98845 61280
169919 22599 97368
172059 66791 21631
208030 56017 90644
214476 59067 95686
217126 3731 38315
207923 48002 59322
399576 55264 67424
714257 43682 28280
103034 65648 38163
4771 43609 14059
985120 17812 39524
345062 45672 30148
38999 27153 31826
525317 45968 62769
189736 40435 25973
307757 96286 55934
548033 32359 33774
997023 17400 85840
155990 99458 74378
165725 63498 33596
112422 70384 29187
512097 32769 29401
22936 62444 81728
874782 67189 17879
627073 60661 74298
167550 86269 95381
798462 96274 94238
314994 27249 16163
338409 23990 9241
116580 94634 16849
474080 56903 96000
946584 53646 86704
941929 79387 17790
639622 54866 48428
957393 93922 2845
677108 37184 2433
923424 49087 56219
767654 60015 92564
669424 86741 16980
335842 8179 9314
139270 96207 75472
799397 11386 10302
883502 38135 53563
971960 68185 40374
158630 79745 7483
953605 78149 64348
206248 80721 55569
886088 7033 87759
721209 677 43140
799330 34308 36125
211736 19486 29243
34145 28198 87835
788335 69358 20175
675017 77424 67702
168209 16123 22155
607579 22967 25267
904143 16541 92695
834419 39381 21487
425943 33294 62828
452987 67275 80292
194777 9279 46910
145907 15673 31675
930062 64209 85738
944981 55185 77146
192349 39366 49688
604271 9772 60514
916558 56590 49805
515063 78402 45978
897625 94230 31612
86494 34006 80065
66846 9521 36941
622673 78584 33644
234806 13020 8401
503535 29474 30691
119995 15844 12924
42232 20657 32819
534476 9007 72248
809469 805 70165
635253 65457 2020
814461 85217 1570
723981 28582 42812
350119 51065 81456
434570 91903 81441
897104 15500 57919
394790 93828 47234
498636 57399 82024
932037 77685 60581
297641 63736 64711
391968 20168 19047
151763 7700 23932
635719 72357 27180
383606 2892 64
964492 24202 71839
97105 94801 98266
198312 73741 73267
124828 21723 30218
858052 64346 51424
626428 76926 23621
19597 56581 22729
97385 77027 57950
200250 7151 29196
548872 99489 35689
234543 62117 28712
611612 47438 20654
91616 10821 13122
984960 28397 48276
6859 2057 17379
310117 43906 67509
352608 95432 90033
21869 34047 99097
309032 22863 65900
98847 54386 48683
402199 53787 58688
410755 54458 94576
156259 87318 51222
449418 59274 55791
211526 49983 9480
134191 85974 62305
220302 18867 8988
216899 87679 34736
179321 38239 40797
377815 82287 23889
547045 35847 57784
670879 1035 29600
296426 66398 88963
55855 75872 25718
94168 85739 87328
982845 23808 93591
153230 11134 34683
164143 8554 12581
499704 81452 37971
310116 33024 56039
287313 36920 99451
205359 48729 63293
871117 45539 79229
781500 35196 42340
212238 60355 6821
738210 47477 40713
214258 96510 24494
560479 65076 19463
233146 86632 96036
735139 84259 47088
655259 43612 61845
181917 40180 18850
798647 10066 16910
